-0.04234
  0.6482
    1.18
   1.445
   1.385
   1.004
  0.3647
 -0.4195
  -1.205
  -1.846
  -2.217
   -2.24
  -1.898
  -1.237
 -0.3617
  0.5833
   1.441
   2.069
   2.364
   2.283
   1.849
   1.147
  0.3109
 -0.5057
  -1.155
  -1.521
  -1.545
  -1.232
 -0.6507
 0.07793
  0.8062
   1.386
   1.697
   1.669
   1.295
   0.633
 -0.2036
  -1.069
  -1.809
  -2.292
  -2.429
  -2.193
  -1.623
 -0.8141
 0.09571
  0.9529
   1.615
   1.976
   1.986
   1.657
   1.063
  0.3234
 -0.4163
  -1.014
  -1.354
  -1.373
  -1.067
  -0.493
  0.2378
  0.9844
     1.6
    1.96
   1.985
   1.656
   1.017
  0.1718
 -0.7383
  -1.558
  -2.148
  -2.408
  -2.296
  -1.835
  -1.112
 -0.2582
  0.5748
   1.241
   1.627
   1.673
   1.385
  0.8294
  0.1221
 -0.5929
  -1.171
  -1.495
  -1.494
   -1.16
 -0.5478
  0.2367
   1.053
   1.752
   2.205
   2.323
   2.078
   1.503
  0.6884
  -0.232
  -1.107
  -1.795
  -2.185
  -2.221
  -1.907
   -1.31
 -0.5429
    0.25
  0.9238
   1.357
   1.473
   1.257
  0.7548
 0.06741
 -0.6685
  -1.305
  -1.712
  -1.798
  -1.533
 -0.9509
 -0.1442
  0.7496
   1.575
   2.186
   2.472
   2.381
   1.925
   1.185
  0.2861
 -0.6148
  -1.365
  -1.839
  -1.965
  -1.736
  -1.209
 -0.4955
  0.2606
  0.9094
   1.324
   1.423
   1.186
  0.6569
-0.06339
 -0.8379
  -1.517
  -1.968
  -2.097
   -1.87
  -1.313
  -0.516
    0.39
   1.253
   1.929
   2.305
   2.321
   1.982
   1.353
  0.5503
 -0.2817
 -0.9947
  -1.464
  -1.613
  -1.423
  -0.941
 -0.2667
  0.4628
     1.1
   1.514
   1.614
   1.371
  0.8174
 0.04579
 -0.8082
  -1.591
   -2.16
  -2.407
  -2.281
  -1.797
  -1.034
 -0.1179
  0.7966
   1.557
   2.041
   2.174
   1.947
   1.415
  0.6851
 -0.1007
 -0.7942
  -1.267
  -1.434
  -1.269
 -0.8071
 -0.1413
  0.5981
   1.266
   1.729
   1.889
   1.705
   1.195
  0.4377
  -0.443
  -1.299
  -1.986
  -2.385
  -2.427
  -2.107
  -1.478
   -0.65
  0.2353
   1.027
   1.592
   1.841
   1.741
   1.324
    0.68
-0.05946
 -0.7463
  -1.243
  -1.448
  -1.316
 -0.8667
 -0.1806
  0.6145
   1.368
   1.933
   2.196
   2.097
   1.641
  0.8982
-0.008003
 -0.9248
  -1.697
  -2.195
  -2.338
  -2.111
  -1.564
 -0.8017
 0.03206
  0.7849
   1.322
   1.551
    1.44
   1.019
  0.3774
 -0.3535
  -1.027
  -1.505
  -1.689
  -1.531
  -1.048
 -0.3186
   0.534
   1.361
   2.015
   2.378
   2.382
   2.021
   1.352
  0.4857
 -0.4314
  -1.246
  -1.824
  -2.075
  -1.965
  -1.528
  -0.856
-0.08121
  0.6461
   1.187
   1.437
    1.35
  0.9436
  0.2949
 -0.4703
  -1.203
  -1.759
  -2.023
  -1.933
  -1.493
 -0.7682
   0.123
   1.031
   1.802
   2.306
    2.46
   2.242
   1.694
  0.9175
 0.04869
  -0.761
  -1.374
  -1.693
  -1.672
  -1.332
 -0.7496
-0.04498
  0.6397
   1.168
   1.432
   1.375
       1
  0.3709
 -0.4017
  -1.177
   -1.81
   -2.18
   -2.21
  -1.883
  -1.246
 -0.3985
  0.5182
   1.351
   1.962
   2.251
   2.175
   1.756
   1.079
  0.2727
 -0.5121
   -1.13
  -1.469
   -1.47
   -1.14
 -0.5482
   0.184
  0.9088
   1.478
   1.772
   1.721
   1.322
  0.6341
 -0.2253
  -1.107
  -1.856
  -2.337
  -2.464
  -2.213
  -1.626
 -0.8042
  0.1113
  0.9642
   1.612
    1.95
   1.933
   1.578
  0.9642
  0.2161
 -0.5195
    -1.1
  -1.414
  -1.399
  -1.058
 -0.4515
  0.3064
   1.073
   1.701
   2.067
   2.093
   1.759
   1.112
  0.2542
 -0.6736
  -1.517
  -2.134
  -2.423
   -2.34
  -1.905
    -1.2
 -0.3528
  0.4844
   1.165
   1.573
   1.645
   1.381
  0.8434
  0.1455
 -0.5695
  -1.156
  -1.494
   -1.51
   -1.19
 -0.5873
  0.1939
   1.013
   1.721
   2.186
   2.319
   2.089
   1.529
  0.7301
 -0.1758
  -1.038
  -1.714
  -2.096
  -2.129
   -1.82
  -1.236
 -0.4915
  0.2724
  0.9133
   1.314
   1.403
   1.167
  0.6571
-0.02698
 -0.7495
  -1.366
   -1.75
  -1.815
  -1.534
 -0.9416
 -0.1325
  0.7576
   1.575
   2.176
   2.454
   2.356
   1.899
    1.16
  0.2686
 -0.6209
  -1.355
   -1.81
  -1.915
  -1.663
  -1.115
 -0.3846
  0.3804
   1.028
   1.428
   1.501
   1.227
  0.6549
 -0.1106
  -0.926
  -1.637
  -2.106
  -2.239
  -2.001
  -1.423
 -0.5975
  0.3387
    1.23
   1.929
   2.322
    2.35
   2.018
   1.394
  0.5942
 -0.2353
 -0.9468
  -1.417
  -1.569
  -1.387
 -0.9138
 -0.2502
  0.4698
   1.101
   1.515
   1.622
    1.39
  0.8508
  0.0922
 -0.7541
  -1.538
  -2.118
  -2.385
  -2.288
  -1.836
  -1.102
 -0.2093
  0.6918
    1.45
   1.942
   2.093
   1.888
    1.38
  0.6735
-0.09205
  -0.769
  -1.229
  -1.386
  -1.214
  -0.749
-0.08281
   0.653
   1.313
   1.763
   1.909
   1.709
   1.186
  0.4217
 -0.4588
  -1.307
  -1.977
  -2.356
  -2.379
  -2.044
  -1.409
 -0.5872
  0.2797
   1.042
   1.572
   1.783
   1.649
   1.206
  0.5475
 -0.1943
 -0.8713
  -1.348
  -1.525
  -1.361
 -0.8772
 -0.1574
  0.6687
   1.448
   2.034
   2.309
   2.214
   1.752
  0.9957
 0.06823
 -0.8745
  -1.674
  -2.196
  -2.359
  -2.143
  -1.599
 -0.8324
 0.01021
   0.773
   1.318
    1.55
   1.436
   1.005
  0.3511
  -0.394
   -1.08
  -1.568
  -1.755
  -1.596
  -1.107
 -0.3685
  0.4947
   1.333
   1.999
   2.376
   2.396
   2.054
   1.405
   0.561
 -0.3368
  -1.138
  -1.712
  -1.969
  -1.878
   -1.47
 -0.8329
-0.09454
  0.6005
   1.118
   1.357
   1.272
  0.8772
  0.2482
 -0.4946
  -1.207
  -1.747
  -2.004
  -1.915
  -1.482
 -0.7683
  0.1097
   1.005
   1.764
    2.26
   2.407
   2.186
   1.639
  0.8662
 0.006949
 -0.7869
  -1.378
  -1.668
  -1.615
  -1.244
 -0.6339
 0.08828
  0.7776
   1.295
   1.535
   1.443
   1.027
  0.3555
 -0.4538
  -1.256
  -1.904
  -2.277
  -2.299
  -1.958
  -1.303
 -0.4392
  0.4907
   1.333
   1.948
   2.237
    2.16
   1.741
   1.063
  0.2561
 -0.5274
  -1.143
  -1.477
  -1.472
  -1.133
   -0.53
  0.2175
  0.9601
   1.548
   1.859
   1.821
   1.426
  0.7344
 -0.1395
  -1.045
  -1.824
  -2.339
  -2.499
  -2.277
  -1.712
 -0.9039
 0.006042
  0.8606
   1.516
   1.866
   1.865
   1.528
  0.9344
   0.208
 -0.5055
  -1.065
  -1.361
  -1.336
 -0.9904
 -0.3897
   0.354
     1.1
   1.706
   2.051
   2.062
   1.724
   1.085
   0.245
 -0.6575
  -1.473
  -2.065
  -2.338
  -2.249
  -1.821
  -1.135
 -0.3153
  0.4903
   1.139
    1.52
    1.57
   1.292
   0.747
 0.04828
 -0.6625
  -1.241
  -1.566
  -1.565
  -1.225
 -0.5994
  0.2063
   1.049
   1.777
   2.255
   2.392
   2.157
   1.583
  0.7653
 -0.1601
  -1.038
  -1.722
  -2.104
  -2.126
  -1.799
  -1.194
 -0.4303
   0.346
  0.9891
    1.38
   1.449
   1.185
  0.6416
-0.07499
  -0.826
  -1.464
  -1.861
  -1.931
  -1.648
  -1.047
 -0.2235
   0.685
   1.525
   2.152
   2.458
   2.391
   1.962
   1.249
  0.3758
 -0.5044
   -1.24
  -1.707
  -1.832
  -1.606
  -1.086
  -0.382
  0.3623
  0.9959
    1.39
   1.464
   1.195
  0.6308
 -0.1262
 -0.9345
   -1.64
  -2.107
   -2.24
  -2.005
  -1.432
 -0.6147
   0.311
    1.19
   1.875
   2.256
   2.276
   1.942
   1.325
  0.5425
 -0.2604
 -0.9386
  -1.373
  -1.492
  -1.283
 -0.7962
 -0.1322
  0.5747
   1.182
   1.566
   1.642
   1.383
  0.8229
 0.05333
 -0.7951
  -1.574
  -2.145
  -2.402
  -2.296
  -1.838
  -1.102
 -0.2099
  0.6884
   1.443
   1.929
   2.071
   1.857
   1.338
   0.618
 -0.1603
 -0.8472
  -1.311
  -1.464
  -1.276
 -0.7837
 -0.0817
   0.695
   1.395
    1.88
    2.05
   1.859
   1.329
  0.5439
 -0.3674
  -1.251
  -1.958
  -2.369
  -2.418
    -2.1
  -1.477
 -0.6599
  0.2055
  0.9689
   1.501
   1.716
   1.588
   1.154
   0.508
 -0.2192
  -0.881
  -1.344
  -1.511
  -1.343
 -0.8613
 -0.1483
  0.6688
    1.44
   2.021
   2.299
   2.214
    1.77
   1.035
  0.1298
 -0.7935
   -1.58
  -2.099
  -2.268
  -2.068
  -1.546
 -0.8067
 0.006852
  0.7417
   1.262
   1.474
   1.345
  0.9074
  0.2528
 -0.4852
  -1.157
  -1.624
  -1.786
  -1.599
  -1.086
 -0.3273
  0.5474
   1.387
   2.044
   2.404
   2.401
   2.036
    1.37
  0.5166
 -0.3791
  -1.167
  -1.718
  -1.947
  -1.828
  -1.395
 -0.7408
 0.005113
  0.6978
   1.204
   1.425
   1.318
  0.8986
  0.2442
 -0.5239
  -1.261
  -1.824
    -2.1
  -2.026
  -1.601
 -0.8866
 0.002108
  0.9176
   1.706
   2.235
   2.417
   2.225
     1.7
  0.9381
 0.07904
 -0.7236
  -1.329
  -1.634
  -1.594
  -1.229
 -0.6196
  0.1089
  0.8082
   1.336
   1.584
   1.495
   1.076
   0.396
 -0.4258
  -1.242
  -1.905
  -2.292
  -2.327
  -1.998
  -1.355
 -0.5053
  0.4106
    1.24
   1.845
   2.132
   2.061
   1.659
   1.009
  0.2387
 -0.5046
  -1.081
  -1.383
  -1.357
  -1.011
 -0.4151
  0.3135
   1.029
   1.586
   1.868
   1.806
   1.396
  0.6966
 -0.1767
  -1.075
  -1.843
  -2.345
  -2.492
  -2.259
  -1.685
 -0.8725
 0.03669
  0.8846
   1.527
   1.859
   1.834
   1.472
  0.8555
  0.1107
 -0.6124
  -1.171
  -1.453
  -1.403
  -1.025
 -0.3879
  0.3913
   1.167
   1.794
    2.15
   2.161
   1.816
   1.163
  0.3072
 -0.6111
  -1.441
  -2.045
  -2.328
  -2.249
  -1.829
   -1.15
 -0.3372
  0.4641
   1.112
   1.494
   1.548
   1.274
   0.733
 0.03412
 -0.6819
  -1.271
  -1.612
  -1.628
  -1.304
 -0.6872
  0.1187
  0.9729
   1.723
   2.233
   2.407
   2.209
   1.668
  0.8738
-0.03795
 -0.9128
  -1.604
  -1.999
   -2.04
  -1.735
  -1.152
 -0.4123
  0.3397
  0.9584
   1.326
   1.373
   1.092
  0.5401
  -0.176
 -0.9159
  -1.533
  -1.903
  -1.943
  -1.632
  -1.011
 -0.1796
  0.7254
   1.551
   2.156
   2.438
    2.35
   1.909
   1.194
  0.3318
 -0.5274
  -1.235
  -1.672
   -1.77
  -1.523
 -0.9897
  -0.282
   0.457
   1.078
   1.455
   1.507
   1.215
  0.6268
 -0.1533
 -0.9827
  -1.706
  -2.185
  -2.324
  -2.087
  -1.505
 -0.6723
   0.273
   1.172
   1.876
   2.269
   2.294
   1.958
   1.332
  0.5369
 -0.2787
 -0.9663
  -1.404
  -1.519
    -1.3
 -0.7967
 -0.1133
  0.6136
   1.239
   1.638
   1.725
   1.472
   0.914
  0.1415
 -0.7148
  -1.507
  -2.098
  -2.381
  -2.307
  -1.883
  -1.181
 -0.3196
  0.5567
   1.301
    1.79
    1.95
   1.763
   1.279
   0.596
 -0.1481
 -0.8074
  -1.253
  -1.396
  -1.208
  -0.721
-0.02723
  0.7406
   1.433
   1.912
   2.076
   1.881
   1.347
  0.5585
 -0.3553
   -1.24
  -1.944
  -2.351
  -2.392
  -2.068
   -1.44
 -0.6246
  0.2311
  0.9756
   1.481
   1.664
   1.504
   1.044
  0.3825
 -0.3459
 -0.9935
  -1.428
  -1.559
  -1.349
 -0.8291
-0.08535
  0.7509
   1.529
   2.105
   2.369
   2.266
   1.803
   1.052
  0.1346
 -0.7957
  -1.585
  -2.103
  -2.268
  -2.064
  -1.537
 -0.7914
 0.02915
  0.7711
   1.297
   1.513
   1.382
  0.9365
  0.2666
 -0.4936
  -1.192
  -1.687
  -1.876
  -1.709
  -1.205
 -0.4444
  0.4434
   1.306
   1.993
   2.385
   2.415
   2.079
   1.437
  0.6017
 -0.2821
  -1.064
  -1.615
  -1.849
   -1.74
  -1.323
 -0.6893
 0.03327
  0.7016
   1.185
   1.388
    1.27
  0.8475
  0.1977
 -0.5599
  -1.284
  -1.835
  -2.104
  -2.029
  -1.612
 -0.9111
-0.04023
  0.8576
   1.632
   2.154
   2.339
   2.159
   1.652
  0.9154
 0.08353
 -0.6921
  -1.273
  -1.557
  -1.502
  -1.126
 -0.5103
  0.2174
  0.9088
   1.422
   1.646
   1.527
   1.074
  0.3593
 -0.4931
  -1.332
  -2.005
  -2.388
  -2.407
  -2.052
  -1.379
 -0.4989
  0.4396
    1.28
   1.885
   2.159
   2.066
   1.639
  0.9651
  0.1776
 -0.5735
  -1.147
  -1.438
  -1.394
  -1.026
 -0.4072
  0.3419
   1.075
   1.647
   1.941
   1.888
   1.484
  0.7882
-0.08665
  -0.993
  -1.776
    -2.3
  -2.476
  -2.274
   -1.73
 -0.9436
-0.05197
  0.7886
   1.434
   1.778
    1.77
   1.428
  0.8296
 0.09873
  -0.616
  -1.171
  -1.455
  -1.408
  -1.034
 -0.3989
  0.3808
    1.16
   1.793
   2.157
   2.178
   1.844
   1.204
  0.3619
 -0.5417
  -1.357
  -1.951
  -2.228
  -2.151
  -1.744
  -1.088
 -0.3069
  0.4554
   1.062
   1.405
   1.429
   1.137
  0.5914
-0.09792
 -0.7926
  -1.352
   -1.66
  -1.643
   -1.29
 -0.6508
  0.1705
   1.033
   1.786
   2.293
    2.46
   2.252
   1.698
  0.8909
-0.03407
   -0.92
  -1.618
  -2.014
  -2.049
   -1.73
  -1.129
 -0.3684
   0.402
   1.032
   1.401
   1.438
   1.136
  0.5524
 -0.1993
 -0.9739
   -1.62
  -2.007
  -2.053
  -1.736
    -1.1
 -0.2464
  0.6818
   1.529
   2.151
   2.446
   2.367
   1.933
   1.224
   0.368
 -0.4849
  -1.187
  -1.621
  -1.719
  -1.478
 -0.9543
 -0.2582
  0.4693
   1.082
   1.456
   1.512
   1.231
   0.656
 -0.1109
 -0.9313
  -1.654
  -2.143
  -2.302
  -2.093
  -1.544
 -0.7447
  0.1721
   1.052
   1.746
   2.142
    2.18
   1.866
   1.268
  0.5052
 -0.2775
 -0.9328
  -1.341
  -1.431
  -1.191
 -0.6757
 0.01117
  0.7316
   1.341
   1.715
   1.771
   1.485
  0.8967
  0.1004
 -0.7701
  -1.566
   -2.15
  -2.419
  -2.327
  -1.887
  -1.173
 -0.3066
   0.566
   1.299
   1.772
   1.914
   1.711
   1.214
  0.5251
 -0.2193
 -0.8728
  -1.307
  -1.435
  -1.228
 -0.7194
-0.002645
  0.7884
   1.503
       2
   2.176
   1.986
   1.447
  0.6429
 -0.2946
  -1.208
  -1.943
  -2.377
  -2.439
  -2.124
  -1.496
  -0.672
  0.1986
  0.9599
   1.479
   1.672
   1.514
    1.05
  0.3778
 -0.3632
  -1.023
  -1.468
  -1.605
  -1.399
 -0.8789
 -0.1339
  0.7046
   1.486
   2.067
   2.341
   2.252
    1.81
   1.086
  0.1998
 -0.6995
  -1.462
  -1.964
  -2.126
  -1.934
  -1.433
 -0.7264
 0.04971
  0.7471
   1.234
   1.421
   1.275
  0.8266
  0.1647
   -0.58
  -1.259
  -1.736
  -1.907
  -1.727
  -1.214
 -0.4473
  0.4442
   1.308
   1.996
   2.388
   2.416
   2.078
   1.434
  0.5988
 -0.2818
  -1.056
  -1.593
  -1.809
   -1.68
  -1.242
 -0.5919
  0.1388
  0.8044
   1.273
    1.45
   1.297
  0.8363
  0.1494
 -0.6395
  -1.385
  -1.947
  -2.215
   -2.13
  -1.695
 -0.9732
-0.07976
  0.8395
   1.633
   2.171
   2.368
   2.196
   1.693
  0.9557
  0.1184
 -0.6668
   -1.26
  -1.558
  -1.514
  -1.146
 -0.5316
   0.203
  0.9091
   1.442
   1.689
   1.591
   1.154
   0.446
 -0.4096
  -1.261
  -1.955
  -2.364
   -2.41
  -2.081
  -1.431
 -0.5688
  0.3564
   1.188
   1.788
    2.06
   1.972
   1.553
  0.8945
  0.1289
 -0.5948
  -1.138
  -1.398
  -1.327
 -0.9414
 -0.3157
  0.4285
   1.146
   1.696
   1.966
   1.892
   1.476
  0.7777
-0.08903
 -0.9793
  -1.742
  -2.248
  -2.412
  -2.208
  -1.675
 -0.9076
-0.04374
  0.7654
    1.38
   1.697
    1.67
   1.316
  0.7136
-0.01334
 -0.7176
  -1.257
  -1.519
  -1.446
  -1.042
 -0.3754
  0.4361
   1.244
   1.899
   2.276
   2.298
   1.953
   1.291
  0.4195
 -0.5165
  -1.362
   -1.98
  -2.271
  -2.198
  -1.784
  -1.116
 -0.3187
  0.4588
   1.076
   1.425
   1.448
    1.15
  0.5933
 -0.1088
 -0.8167
  -1.389
  -1.707
    -1.7
  -1.354
 -0.7196
   0.101
  0.9681
   1.731
   2.255
   2.445
   2.263
   1.738
  0.9575
 0.05344
   -0.82
  -1.515
  -1.918
  -1.969
  -1.671
  -1.093
 -0.3536
  0.3991
   1.017
   1.378
   1.411
   1.107
  0.5249
 -0.2254
 -0.9983
  -1.642
  -2.028
  -2.071
  -1.752
  -1.116
 -0.2658
  0.6552
   1.491
   2.099
   2.379
   2.289
   1.851
   1.148
   0.311
 -0.5108
  -1.173
  -1.562
  -1.617
  -1.341
 -0.7973
-0.09773
  0.6162
   1.201
   1.536
    1.55
   1.227
  0.6176
 -0.1751
  -1.012
  -1.741
   -2.23
  -2.384
  -2.167
  -1.609
 -0.7985
  0.1305
   1.023
   1.732
   2.141
   2.191
   1.884
   1.287
  0.5198
 -0.2721
 -0.9394
  -1.359
  -1.455
  -1.216
 -0.6915
 0.01256
  0.7563
   1.391
   1.788
   1.861
   1.583
  0.9914
  0.1816
 -0.7103
  -1.532
  -2.143
  -2.437
  -2.365
   -1.94
  -1.236
 -0.3761
  0.4941
   1.228
   1.705
   1.854
   1.662
   1.179
  0.5059
 -0.2212
 -0.8592
  -1.282
  -1.405
  -1.199
 -0.6991
 0.004822
  0.7816
   1.484
   1.975
   2.153
   1.972
   1.451
  0.6694
 -0.2438
  -1.135
  -1.854
  -2.278
  -2.339
  -2.033
  -1.421
 -0.6196
  0.2234
  0.9538
   1.441
   1.601
   1.415
  0.9269
    0.24
  -0.505
  -1.157
  -1.581
  -1.686
   -1.44
 -0.8784
-0.09486
  0.7738
   1.573
   2.159
   2.425
   2.319
   1.855
    1.11
  0.2083
 -0.6987
   -1.46
  -1.953
  -2.103
  -1.898
  -1.387
  -0.676
 0.09774
  0.7865
   1.261
   1.432
    1.27
  0.8067
   0.131
 -0.6265
  -1.318
  -1.806
  -1.989
  -1.817
  -1.308
  -0.539
  0.3643
    1.25
   1.966
   2.392
   2.455
   2.146
   1.524
  0.6987
 -0.1842
 -0.9714
   -1.53
   -1.77
  -1.663
  -1.245
 -0.6061
  0.1201
  0.7875
   1.262
   1.447
   1.302
  0.8475
  0.1651
 -0.6211
  -1.365
  -1.927
  -2.198
  -2.118
  -1.693
  -0.985
 -0.1104
  0.7866
   1.557
   2.075
   2.259
   2.084
   1.591
  0.8755
 0.07083
 -0.6752
  -1.227
  -1.488
  -1.415
  -1.028
 -0.4078
  0.3214
   1.013
   1.525
   1.748
   1.625
   1.165
  0.4382
 -0.4322
  -1.294
  -1.994
  -2.404
  -2.447
  -2.112
  -1.453
 -0.5832
  0.3483
   1.182
   1.777
    2.04
   1.935
   1.498
  0.8212
 0.04251
 -0.6853
  -1.221
  -1.462
  -1.362
 -0.9392
  -0.275
  0.5044
    1.25
   1.816
    2.09
   2.011
   1.579
  0.8606
-0.02904
 -0.9423
  -1.727
  -2.254
  -2.436
   -2.25
  -1.732
 -0.9782
 -0.1233
   0.683
   1.302
   1.632
   1.624
   1.294
   0.715
 0.007257
 -0.6856
  -1.223
  -1.495
  -1.438
  -1.056
  -0.409
  0.3876
    1.19
   1.849
    2.24
   2.284
   1.965
   1.329
  0.4799
 -0.4395
  -1.275
   -1.89
  -2.184
  -2.117
  -1.715
  -1.061
 -0.2818
  0.4746
   1.068
   1.391
   1.389
   1.069
  0.4973
 -0.2105
 -0.9135
   -1.47
  -1.766
  -1.732
   -1.36
 -0.7045
  0.1283
  0.9973
   1.753
   2.262
   2.436
    2.24
   1.707
  0.9259
 0.03139
 -0.8242
  -1.496
  -1.873
  -1.899
  -1.582
 -0.9901
 -0.2455
  0.5044
   1.111
   1.454
   1.462
   1.129
  0.5127
 -0.2723
  -1.078
  -1.751
  -2.156
  -2.209
  -1.887
  -1.236
 -0.3597
  0.5941
   1.465
   2.107
   2.414
   2.343
   1.914
   1.212
  0.3696
 -0.4611
  -1.132
   -1.53
  -1.591
  -1.319
 -0.7773
-0.07941
  0.6325
   1.215
   1.549
   1.562
   1.241
  0.6357
 -0.1507
 -0.9809
  -1.707
  -2.197
   -2.36
  -2.161
  -1.628
 -0.8457
 0.05493
  0.9244
   1.619
   2.028
   2.089
   1.806
   1.241
  0.5072
 -0.2529
 -0.8947
  -1.297
  -1.387
  -1.148
 -0.6306
 0.06351
  0.7967
   1.422
   1.811
   1.877
   1.594
  0.9981
  0.1852
 -0.7081
  -1.529
  -2.134
   -2.42
  -2.338
  -1.902
  -1.192
 -0.3308
  0.5307
   1.245
   1.693
   1.807
   1.579
   1.063
  0.3684
 -0.3668
 -0.9967
  -1.396
  -1.483
  -1.235
 -0.6903
  0.0542
  0.8637
   1.588
    2.09
    2.27
   2.082
   1.548
  0.7506
 -0.1811
  -1.092
   -1.83
  -2.273
  -2.352
   -2.06
  -1.458
 -0.6616
  0.1817
  0.9172
   1.412
   1.582
   1.402
  0.9173
  0.2281
 -0.5248
  -1.188
  -1.625
  -1.742
  -1.504
 -0.9438
 -0.1543
  0.7271
   1.544
   2.151
   2.438
   2.352
   1.906
   1.176
  0.2856
  -0.613
   -1.37
  -1.862
  -2.018
  -1.824
  -1.332
 -0.6458
 0.09869
  0.7574
   1.205
   1.357
   1.186
   0.725
 0.06353
 -0.6713
  -1.337
    -1.8
  -1.964
  -1.784
  -1.278
 -0.5215
  0.3615
   1.223
   1.918
   2.328
   2.383
   2.077
   1.464
  0.6552
 -0.2068
  -0.971
  -1.506
  -1.723
  -1.595
  -1.156
 -0.5015
  0.2358
  0.9069
   1.376
   1.545
   1.373
  0.8834
  0.1607
 -0.6659
  -1.445
  -2.032
  -2.315
  -2.233
  -1.792
  -1.061
 -0.1596
  0.7629
   1.553
   2.082
   2.267
   2.087
   1.586
  0.8608
 0.05009
 -0.6966
  -1.243
  -1.494
  -1.406
  -1.004
 -0.3689
   0.373
   1.074
   1.594
   1.822
   1.703
   1.243
  0.5135
 -0.3649
  -1.241
  -1.961
  -2.398
  -2.472
  -2.167
  -1.537
 -0.6885
  0.2308
   1.063
   1.669
    1.95
   1.871
   1.461
  0.8122
 0.05769
 -0.6512
  -1.174
  -1.408
  -1.305
 -0.8858
 -0.2284
  0.5408
   1.273
   1.826
   2.087
   1.996
   1.559
  0.8411
-0.03991
 -0.9371
  -1.701
  -2.204
  -2.366
  -2.165
  -1.645
  -0.902
-0.06992
  0.7037
   1.285
   1.577
   1.537
   1.184
  0.5944
 -0.1111
 -0.7911
  -1.308
  -1.555
  -1.474
  -1.068
 -0.4008
  0.4124
   1.228
   1.897
   2.296
   2.345
   2.026
   1.386
  0.5291
 -0.4019
  -1.251
  -1.877
   -2.18
  -2.116
  -1.709
  -1.043
 -0.2494
  0.5213
   1.124
   1.448
   1.436
   1.094
   0.492
 -0.2515
 -0.9898
  -1.576
  -1.891
  -1.864
  -1.486
 -0.8127
 0.04533
  0.9437
   1.729
   2.267
   2.465
   2.291
   1.775
   1.009
  0.1258
 -0.7225
  -1.393
  -1.775
  -1.814
  -1.516
 -0.9506
  -0.235
  0.4867
    1.07
   1.398
   1.401
   1.073
  0.4703
 -0.2968
  -1.084
  -1.742
  -2.139
  -2.192
  -1.877
  -1.239
 -0.3807
  0.5554
   1.411
   2.042
   2.344
   2.273
    1.85
   1.161
   0.336
 -0.4729
  -1.119
   -1.49
  -1.525
  -1.231
  -0.673
 0.03163
  0.7396
   1.307
   1.617
   1.599
   1.246
  0.6121
 -0.1959
  -1.038
  -1.764
  -2.246
  -2.394
  -2.177
  -1.628
  -0.836
 0.06698
  0.9312
   1.615
   2.008
   2.053
   1.756
    1.18
  0.4404
 -0.3212
   -0.96
  -1.356
  -1.434
   -1.18
 -0.6419
 0.07703
  0.8387
   1.494
   1.912
   2.002
   1.733
   1.139
  0.3142
 -0.6044
  -1.461
  -2.108
  -2.437
  -2.391
  -1.983
  -1.289
 -0.4321
   0.435
   1.162
   1.625
   1.754
   1.538
   1.033
  0.3452
 -0.3836
  -1.007
  -1.399
  -1.478
  -1.222
 -0.6722
 0.07468
  0.8827
   1.602
   2.098
   2.273
   2.085
   1.556
   0.771
 -0.1426
  -1.033
  -1.751
  -2.181
  -2.256
  -1.973
  -1.392
 -0.6261
  0.1808
  0.8792
   1.342
   1.487
   1.295
  0.8086
  0.1285
 -0.6073
  -1.249
  -1.663
  -1.757
  -1.499
 -0.9229
 -0.1223
   0.765
   1.583
   2.185
   2.463
   2.365
   1.904
    1.16
  0.2602
  -0.642
  -1.394
  -1.873
  -2.007
  -1.787
  -1.268
 -0.5583
  0.2016
  0.8644
   1.303
   1.435
   1.235
  0.7395
 0.04247
 -0.7249
  -1.417
  -1.899
  -2.074
  -1.897
  -1.388
 -0.6229
  0.2734
   1.153
    1.87
   2.304
   2.386
   2.106
   1.517
  0.7265
 -0.1252
 -0.8882
  -1.431
  -1.662
  -1.552
  -1.131
 -0.4897
  0.2408
  0.9126
   1.389
   1.569
   1.408
  0.9263
  0.2049
 -0.6281
  -1.421
  -2.028
  -2.332
  -2.272
   -1.85
  -1.133
 -0.2408
   0.677
   1.466
   1.997
   2.187
   2.016
   1.527
  0.8211
 0.03524
 -0.6814
  -1.196
  -1.415
  -1.302
 -0.8842
  -0.247
  0.4827
   1.159
   1.645
   1.836
   1.683
   1.198
   0.455
 -0.4234
  -1.287
  -1.987
    -2.4
  -2.452
  -2.132
  -1.494
 -0.6472
  0.2618
   1.078
   1.662
   1.922
   1.823
   1.396
  0.7336
-0.02966
 -0.7416
  -1.261
  -1.485
  -1.365
 -0.9213
 -0.2344
  0.5672
   1.331
   1.911
   2.191
    2.11
    1.67
  0.9399
 0.03844
 -0.8836
  -1.672
  -2.197
  -2.376
  -2.186
  -1.671
 -0.9276
 -0.0937
  0.6818
   1.264
   1.555
   1.512
   1.156
  0.5638
 -0.1449
 -0.8278
  -1.348
  -1.599
  -1.523
  -1.122
 -0.4595
  0.3529
   1.173
   1.855
   2.274
   2.351
   2.065
   1.459
  0.6326
 -0.2762
  -1.115
  -1.743
  -2.061
  -2.023
  -1.648
  -1.017
 -0.2567
  0.4852
   1.066
   1.374
   1.352
   1.007
  0.4054
 -0.3326
  -1.061
  -1.633
   -1.93
  -1.882
  -1.483
 -0.7909
 0.08051
  0.9842
   1.765
    2.29
   2.468
    2.27
   1.735
  0.9571
 0.07359
  -0.762
  -1.407
  -1.757
   -1.76
  -1.431
 -0.8431
 -0.1178
  0.5993
   1.165
   1.466
   1.437
   1.077
  0.4454
 -0.3441
  -1.147
  -1.812
  -2.212
  -2.264
  -1.945
  -1.301
 -0.4342
  0.5122
    1.38
   2.024
   2.339
   2.279
   1.864
   1.178
  0.3495
 -0.4667
  -1.123
  -1.502
  -1.543
  -1.247
 -0.6805
 0.04039
  0.7699
   1.361
   1.692
   1.691
   1.347
  0.7126
 -0.1052
 -0.9646
  -1.715
  -2.223
    -2.4
  -2.211
  -1.689
 -0.9208
-0.03772
   0.812
   1.488
   1.882
   1.938
   1.661
   1.114
    0.41
 -0.3143
 -0.9183
  -1.286
  -1.346
  -1.086
 -0.5529
  0.1519
   0.894
   1.529
   1.929
   2.006
   1.731
   1.138
   0.318
 -0.5928
  -1.441
  -2.082
  -2.407
  -2.361
  -1.955
  -1.266
 -0.4173
  0.4389
   1.152
   1.598
   1.707
    1.47
  0.9449
  0.2427
 -0.4925
  -1.111
  -1.487
  -1.538
  -1.246
 -0.6558
  0.1283
  0.9654
   1.702
     2.2
   2.364
   2.154
   1.599
  0.7864
 -0.1487
  -1.052
  -1.773
  -2.197
   -2.26
  -1.963
  -1.369
 -0.5934
  0.2178
  0.9152
   1.373
    1.51
   1.308
  0.8114
  0.1195
 -0.6298
  -1.287
  -1.719
  -1.831
  -1.591
  -1.028
 -0.2323
  0.6599
   1.494
   2.123
   2.437
   2.378
   1.956
   1.246
  0.3699
 -0.5194
   -1.27
  -1.759
  -1.909
  -1.711
  -1.215
  -0.528
  0.2114
  0.8564
   1.281
     1.4
   1.191
  0.6912
-0.006746
 -0.7711
  -1.456
  -1.929
  -2.095
  -1.911
  -1.399
 -0.6366
  0.2511
   1.118
    1.82
   2.242
   2.317
   2.038
   1.462
  0.6932
 -0.1288
 -0.8582
  -1.368
  -1.572
  -1.442
  -1.012
 -0.3726
  0.3464
  0.9992
   1.451
   1.605
   1.417
  0.9093
  0.1647
 -0.6878
  -1.495
  -2.109
  -2.414
  -2.346
  -1.908
   -1.17
  -0.253
  0.6877
   1.494
   2.034
   2.222
   2.037
   1.527
  0.7958
-0.01418
 -0.7487
   -1.27
  -1.484
  -1.354
 -0.9105
 -0.2419
  0.5193
   1.223
   1.729
   1.931
   1.781
   1.292
  0.5402
 -0.3496
  -1.227
  -1.941
  -2.371
  -2.442
  -2.143
  -1.529
 -0.7071
  0.1801
  0.9801
   1.558
   1.821
   1.735
    1.33
  0.6938
-0.04358
 -0.7342
   -1.24
  -1.459
  -1.343
 -0.9091
 -0.2337
  0.5582
   1.318
   1.901
   2.191
   2.125
   1.704
  0.9927
   0.108
 -0.8017
  -1.584
  -2.108
  -2.291
  -2.112
  -1.612
 -0.8899
-0.08122
  0.6654
   1.216
   1.476
   1.406
    1.03
  0.4273
 -0.2788
  -0.946
  -1.439
  -1.654
  -1.538
    -1.1
 -0.4059
  0.4273
   1.256
   1.935
   2.343
   2.402
   2.096
   1.472
  0.6315
 -0.2854
  -1.126
  -1.752
  -2.063
  -2.016
   -1.63
 -0.9883
 -0.2172
  0.5336
    1.12
   1.429
   1.401
   1.043
   0.421
 -0.3434
  -1.102
  -1.703
  -2.024
  -1.992
  -1.597
 -0.8969
-0.006942
   0.923
   1.734
   2.287
   2.489
   2.309
   1.783
   1.007
  0.1219
 -0.7175
  -1.367
  -1.718
  -1.722
  -1.393
 -0.8057
-0.08314
  0.6289
   1.188
   1.481
   1.447
   1.084
  0.4546
 -0.3295
  -1.125
  -1.786
  -2.186
  -2.245
  -1.944
  -1.326
 -0.4912
  0.4227
   1.263
   1.889
   2.201
   2.153
   1.764
   1.114
  0.3292
 -0.4436
  -1.061
   -1.41
   -1.43
  -1.125
 -0.5586
   0.154
  0.8691
   1.441
   1.751
   1.727
   1.358
     0.7
 -0.1387
  -1.014
  -1.774
  -2.284
  -2.453
  -2.252
  -1.712
 -0.9262
-0.02911
  0.8276
   1.501
   1.884
   1.922
   1.624
   1.056
  0.3363
 -0.3947
 -0.9949
  -1.349
  -1.386
  -1.099
 -0.5375
  0.1939
  0.9581
   1.609
   2.018
   2.098
    1.82
   1.219
  0.3865
 -0.5406
  -1.408
   -2.07
  -2.416
   -2.39
      -2
   -1.32
 -0.4731
  0.3888
   1.113
   1.575
   1.699
   1.474
  0.9545
  0.2506
 -0.4936
  -1.127
  -1.519
  -1.585
  -1.304
 -0.7198
 0.06608
  0.9115
   1.661
   2.176
   2.358
   2.168
   1.632
  0.8392
-0.07625
 -0.9602
  -1.665
  -2.078
  -2.137
  -1.846
   -1.27
 -0.5244
  0.2472
  0.8999
   1.313
   1.413
   1.185
  0.6773
-0.00957
   -0.74
  -1.369
  -1.768
  -1.851
  -1.587
  -1.009
 -0.2089
  0.6799
   1.506
   2.126
   2.431
   2.369
   1.948
   1.243
   0.376
 -0.5028
  -1.243
   -1.72
  -1.861
  -1.652
  -1.148
 -0.4533
  0.2903
  0.9347
   1.351
   1.455
   1.222
  0.6911
-0.04136
 -0.8395
  -1.553
  -2.045
  -2.217
  -2.026
  -1.494
 -0.7048
  0.2142
   1.111
   1.838
   2.277
   2.361
   2.083
   1.501
  0.7236
 -0.1084
 -0.8469
  -1.364
  -1.573
  -1.445
  -1.016
 -0.3749
  0.3484
   1.009
   1.471
   1.638
   1.465
  0.9711
   0.237
  -0.611
  -1.422
   -2.05
  -2.377
  -2.338
  -1.934
  -1.227
 -0.3386
   0.582
   1.378
   1.917
   2.113
   1.944
   1.455
  0.7466
-0.03905
 -0.7493
  -1.248
   -1.44
  -1.292
 -0.8344
 -0.1579
  0.6042
   1.301
   1.793
   1.977
   1.805
   1.298
  0.5329
 -0.3616
  -1.234
  -1.936
  -2.348
  -2.403
  -2.093
  -1.477
 -0.6647
  0.2006
  0.9693
   1.511
    1.74
   1.625
   1.203
  0.5627
 -0.1652
 -0.8353
  -1.313
    -1.5
  -1.352
 -0.8881
 -0.1873
  0.6253
   1.401
   1.994
    2.29
   2.225
   1.798
   1.074
  0.1694
 -0.7652
  -1.575
  -2.126
  -2.331
  -2.165
  -1.668
 -0.9387
 -0.1144
  0.6526
   1.224
     1.5
   1.438
    1.06
  0.4459
 -0.2786
 -0.9679
  -1.483
  -1.716
  -1.611
  -1.177
 -0.4802
  0.3617
   1.203
   1.898
   2.322
     2.4
   2.113
   1.509
  0.6886
 -0.2099
  -1.036
  -1.653
  -1.962
  -1.922
  -1.553
 -0.9347
  -0.191
  0.5321
   1.094
   1.386
    1.35
  0.9902
   0.375
 -0.3789
  -1.126
  -1.717
  -2.033
      -2
  -1.609
 -0.9175
-0.03763
  0.8818
   1.683
   2.229
   2.427
   2.247
   1.726
  0.9608
 0.09229
 -0.7237
  -1.343
  -1.662
  -1.632
  -1.273
 -0.6639
 0.06804
  0.7744
   1.312
   1.571
   1.492
   1.082
  0.4081
 -0.4119
  -1.231
    -1.9
  -2.296
  -2.341
   -2.02
  -1.379
 -0.5241
  0.4054
   1.256
   1.888
   2.203
   2.156
   1.769
   1.121
  0.3365
 -0.4364
  -1.055
  -1.408
  -1.432
   -1.13
 -0.5634
  0.1546
  0.8813
   1.471
   1.801
   1.797
   1.444
  0.7937
-0.04807
 -0.9382
  -1.723
  -2.264
  -2.467
  -2.296
   -1.78
   -1.01
 -0.1176
  0.7428
   1.427
   1.823
   1.875
    1.59
   1.034
  0.3232
 -0.3993
 -0.9916
  -1.338
  -1.369
  -1.077
  -0.515
  0.2136
  0.9714
   1.613
   2.014
   2.088
   1.811
   1.217
  0.4008
 -0.5043
  -1.347
  -1.987
  -2.316
  -2.283
  -1.899
  -1.238
 -0.4207
  0.4038
   1.088
   1.511
   1.602
   1.353
  0.8199
  0.1131
 -0.6239
  -1.241
  -1.609
  -1.647
  -1.334
 -0.7157
  0.1017
  0.9741
   1.744
    2.27
   2.452
   2.252
   1.698
  0.8843
-0.05323
 -0.9554
  -1.672
  -2.086
  -2.139
  -1.835
  -1.244
 -0.4856
  0.2939
  0.9465
   1.351
   1.434
   1.184
  0.6528
-0.05588
 -0.8038
  -1.445
   -1.85
  -1.933
  -1.666
  -1.083
 -0.2747
  0.6247
   1.464
   2.102
    2.43
   2.392
   1.997
   1.316
  0.4662
 -0.4042
  -1.147
  -1.638
  -1.801
   -1.62
  -1.143
 -0.4718
  0.2572
  0.8972
   1.319
   1.437
   1.221
  0.7068
-0.01277
 -0.8045
  -1.519
  -2.019
  -2.203
  -2.028
  -1.513
 -0.7395
  0.1646
   1.048
   1.763
   2.193
    2.27
   1.991
   1.415
  0.6525
 -0.1552
 -0.8609
  -1.339
  -1.508
  -1.345
 -0.8892
 -0.2344
  0.4876
   1.132
   1.567
   1.699
    1.49
  0.9636
  0.2047
 -0.6586
  -1.475
    -2.1
  -2.419
   -2.37
  -1.956
  -1.244
 -0.3524
   0.567
   1.359
   1.891
   2.079
   1.901
   1.404
  0.6888
 -0.1011
 -0.8115
  -1.305
  -1.485
  -1.318
 -0.8342
 -0.1274
  0.6663
   1.392
   1.906
   2.102
   1.932
   1.412
  0.6252
 -0.2985
  -1.203
  -1.937
  -2.376
  -2.451
  -2.155
  -1.546
 -0.7356
  0.1314
  0.9044
   1.453
    1.69
   1.587
   1.178
  0.5523
 -0.1608
 -0.8182
  -1.288
  -1.474
  -1.332
 -0.8815
 -0.1985
  0.5956
   1.357
   1.943
   2.243
   2.193
   1.791
   1.098
  0.2259
 -0.6807
  -1.471
  -2.013
  -2.222
  -2.071
  -1.597
 -0.8939
-0.09741
  0.6435
   1.192
   1.449
   1.372
  0.9823
  0.3607
 -0.3672
  -1.055
  -1.562
  -1.781
  -1.657
    -1.2
 -0.4805
  0.3809
   1.236
   1.934
   2.354
   2.418
   2.115
   1.496
  0.6655
 -0.2338
   -1.05
  -1.646
  -1.928
  -1.858
  -1.461
 -0.8239
-0.07288
  0.6444
   1.188
   1.452
   1.381
  0.9852
  0.3352
 -0.4488
  -1.219
  -1.828
  -2.152
  -2.121
  -1.725
  -1.021
 -0.1217
  0.8223
   1.652
   2.229
   2.456
   2.301
   1.797
   1.041
  0.1722
 -0.6528
  -1.288
  -1.624
  -1.611
  -1.265
 -0.6645
 0.06531
  0.7747
   1.319
   1.585
   1.513
   1.108
  0.4364
 -0.3837
  -1.205
  -1.879
  -2.281
  -2.335
  -2.026
  -1.401
 -0.5642
  0.3451
   1.176
   1.793
     2.1
   2.055
   1.681
   1.057
  0.3054
 -0.4313
  -1.015
   -1.34
  -1.347
  -1.039
 -0.4782
  0.2245
  0.9307
   1.499
   1.811
   1.795
   1.438
  0.7895
-0.04607
 -0.9278
  -1.704
  -2.239
  -2.439
  -2.267
  -1.752
 -0.9857
 -0.1002
  0.7504
    1.42
   1.799
   1.828
   1.517
  0.9368
  0.2061
 -0.5282
   -1.12
  -1.451
  -1.454
  -1.121
 -0.5113
  0.2653
   1.065
   1.738
   2.154
   2.229
   1.938
    1.32
  0.4753
 -0.4591
  -1.328
  -1.987
  -2.331
  -2.307
  -1.928
   -1.27
 -0.4549
  0.3679
   1.051
   1.474
   1.567
   1.322
  0.7943
 0.09208
 -0.6422
   -1.26
  -1.633
  -1.678
  -1.374
 -0.7641
 0.04924
  0.9241
   1.704
   2.247
   2.453
    2.28
   1.753
  0.9608
 0.03874
 -0.8561
  -1.573
  -1.996
  -2.064
  -1.779
  -1.209
 -0.4722
  0.2854
  0.9174
   1.304
   1.373
   1.114
  0.5812
 -0.1218
 -0.8568
  -1.479
  -1.863
  -1.926
  -1.643
  -1.053
 -0.2481
  0.6381
   1.457
    2.07
   2.374
   2.319
   1.918
   1.242
  0.4102
 -0.4328
  -1.142
  -1.599
   -1.73
  -1.525
  -1.032
 -0.3535
  0.3738
   1.005
   1.411
   1.509
   1.268
  0.7262
-0.02354
  -0.846
  -1.589
  -2.113
  -2.314
  -2.145
  -1.625
 -0.8352
 0.09351
   1.006
    1.75
   2.203
   2.295
   2.021
    1.44
  0.6655
  -0.156
 -0.8733
  -1.357
  -1.523
  -1.349
 -0.8744
 -0.1984
  0.5442
   1.205
   1.649
   1.784
    1.57
   1.034
  0.2614
 -0.6167
  -1.449
   -2.09
  -2.426
  -2.397
  -2.003
  -1.312
 -0.4402
  0.4633
   1.246
    1.78
    1.98
   1.824
   1.357
  0.6761
-0.08048
 -0.7631
  -1.237
   -1.41
  -1.245
 -0.7731
-0.08344
   0.691
   1.399
   1.899
   2.087
   1.914
   1.398
  0.6193
  -0.293
  -1.184
  -1.903
  -2.328
  -2.391
  -2.088
  -1.477
 -0.6738
  0.1778
  0.9266
   1.444
   1.646
   1.509
   1.071
  0.4268
 -0.2924
 -0.9419
  -1.391
  -1.547
   -1.37
 -0.8849
 -0.1716
  0.6452
    1.42
   2.012
    2.31
   2.254
   1.844
   1.143
  0.2642
 -0.6478
  -1.442
  -1.989
  -2.202
  -2.053
  -1.581
  -0.878
 -0.0795
  0.6648
   1.217
   1.475
   1.395
  0.9949
  0.3556
 -0.3968
  -1.113
  -1.649
  -1.892
  -1.784
  -1.329
 -0.5981
  0.2875
   1.176
   1.913
   2.371
    2.47
   2.193
    1.59
   0.767
 -0.1324
 -0.9536
  -1.559
  -1.852
  -1.794
  -1.412
  -0.792
-0.06051
  0.6355
   1.158
   1.404
   1.321
  0.9213
  0.2767
 -0.4933
  -1.244
  -1.831
  -2.137
  -2.094
  -1.697
  -1.003
 -0.1233
   0.796
   1.601
   2.156
   2.371
   2.215
   1.721
  0.9858
   0.144
 -0.6504
  -1.255
  -1.565
  -1.532
  -1.172
 -0.5649
  0.1643
  0.8665
   1.398
   1.646
   1.552
   1.123
  0.4268
 -0.4152
  -1.254
  -1.937
   -2.34
  -2.387
  -2.064
  -1.423
   -0.57
   0.351
   1.186
   1.799
   2.094
   2.031
   1.637
  0.9953
  0.2311
 -0.5096
  -1.088
  -1.399
  -1.385
  -1.051
 -0.4635
  0.2656
  0.9959
   1.585
   1.914
   1.909
   1.557
  0.9075
  0.0626
 -0.8372
   -1.64
  -2.209
  -2.446
  -2.312
  -1.831
   -1.09
 -0.2182
  0.6314
   1.312
   1.711
   1.766
   1.481
  0.9231
  0.2087
 -0.5163
  -1.105
  -1.438
  -1.443
  -1.114
 -0.5048
  0.2729
   1.075
   1.751
    2.17
   2.247
   1.957
   1.342
  0.5012
  -0.426
  -1.284
  -1.931
  -2.263
  -2.231
  -1.852
  -1.203
  -0.409
  0.3832
   1.029
   1.415
   1.475
   1.207
    0.67
 -0.0261
 -0.7408
  -1.329
  -1.668
  -1.681
  -1.351
 -0.7238
  0.0966
  0.9692
    1.74
   2.271
   2.463
   2.278
   1.743
  0.9473
 0.02547
 -0.8654
  -1.575
  -1.988
  -2.041
  -1.741
  -1.154
 -0.4012
  0.3692
   1.008
   1.392
   1.449
   1.168
  0.6031
  -0.137
 -0.9102
  -1.567
  -1.977
  -2.056
  -1.777
  -1.177
 -0.3542
  0.5568
   1.403
   2.044
   2.374
   2.342
   1.959
   1.298
  0.4773
 -0.3586
  -1.065
  -1.523
  -1.662
  -1.468
 -0.9891
 -0.3264
  0.3866
   1.007
   1.409
   1.507
   1.273
  0.7404
-0.0006077
 -0.8183
  -1.564
  -2.097
  -2.316
  -2.169
  -1.674
 -0.9075
 0.003588
  0.9064
   1.649
    2.11
   2.217
   1.962
   1.403
  0.6523
 -0.1462
 -0.8411
  -1.304
   -1.45
   -1.26
 -0.7749
-0.09505
  0.6423
   1.288
   1.709
   1.813
   1.566
       1
  0.2059
 -0.6825
  -1.512
  -2.137
  -2.449
   -2.39
  -1.971
  -1.262
 -0.3843
  0.5116
   1.275
    1.78
   1.948
   1.763
   1.272
  0.5771
 -0.1826
 -0.8584
  -1.318
   -1.47
  -1.282
 -0.7855
-0.07156
  0.7262
   1.456
   1.976
    2.18
   2.018
   1.506
  0.7231
  -0.202
  -1.114
  -1.859
  -2.313
  -2.402
   -2.12
  -1.524
 -0.7259
  0.1279
  0.8846
   1.412
   1.623
   1.492
   1.055
  0.4061
 -0.3209
 -0.9799
  -1.438
    -1.6
  -1.426
 -0.9394
  -0.221
  0.6042
    1.39
   1.996
   2.311
   2.274
   1.886
   1.208
  0.3518
 -0.5405
  -1.321
  -1.864
  -2.083
  -1.954
  -1.511
  -0.845
 -0.0864
  0.6199
    1.14
   1.377
   1.287
  0.8888
  0.2608
 -0.4738
  -1.169
  -1.683
  -1.907
  -1.783
  -1.316
 -0.5773
  0.3124
   1.201
   1.935
   2.386
   2.474
   2.184
   1.568
  0.7357
 -0.1677
 -0.9846
  -1.576
  -1.846
   -1.76
  -1.347
 -0.6989
 0.05149
  0.7537
   1.268
    1.49
   1.373
  0.9341
  0.2502
 -0.5533
  -1.327
  -1.925
  -2.231
  -2.179
  -1.767
  -1.056
 -0.1619
   0.769
   1.582
   2.142
   2.361
   2.208
    1.72
  0.9897
  0.1532
 -0.6374
  -1.241
  -1.551
  -1.521
  -1.164
 -0.5567
  0.1767
  0.8888
   1.435
   1.702
   1.628
   1.213
  0.5247
 -0.3203
  -1.173
  -1.882
  -2.318
  -2.402
  -2.116
  -1.507
 -0.6779
  0.2283
   1.059
   1.676
   1.982
   1.937
   1.565
  0.9492
  0.2132
 -0.4986
  -1.049
  -1.335
  -1.301
 -0.9563
 -0.3666
  0.3547
   1.068
   1.635
   1.939
   1.912
   1.543
  0.8852
 0.04154
 -0.8488
  -1.637
  -2.189
  -2.412
   -2.27
  -1.789
  -1.056
 -0.1989
  0.6308
    1.29
   1.666
   1.702
   1.403
  0.8349
  0.1165
 -0.6064
  -1.187
  -1.505
   -1.49
  -1.135
 -0.4969
  0.3106
    1.14
   1.837
   2.267
   2.343
   2.042
   1.406
   0.538
 -0.4163
  -1.297
  -1.958
  -2.293
  -2.254
   -1.86
  -1.192
 -0.3794
  0.4263
   1.078
   1.459
   1.507
    1.22
  0.6618
-0.05544
 -0.7886
  -1.391
  -1.741
  -1.761
  -1.435
 -0.8101
 0.01102
  0.8884
    1.67
   2.218
   2.436
   2.284
   1.785
   1.026
  0.1358
  -0.733
  -1.434
  -1.852
  -1.924
  -1.653
  -1.101
 -0.3836
  0.3557
  0.9707
   1.341
   1.392
   1.112
  0.5531
 -0.1794
 -0.9454
  -1.596
  -2.003
   -2.08
  -1.799
    -1.2
  -0.378
  0.5307
   1.374
    2.01
   2.334
   2.297
   1.914
   1.257
  0.4483
 -0.3678
  -1.048
  -1.476
  -1.584
  -1.364
 -0.8683
 -0.2009
  0.5035
   1.103
   1.475
   1.538
   1.268
  0.7035
-0.06159
  -0.894
  -1.645
  -2.176
  -2.384
  -2.225
  -1.714
 -0.9318
-0.005885
  0.9095
   1.662
   2.128
   2.235
   1.974
   1.405
  0.6389
 -0.1765
  -0.887
   -1.36
   -1.51
  -1.313
 -0.8101
 -0.1038
  0.6656
   1.344
   1.794
   1.919
   1.682
   1.115
  0.3082
 -0.6007
  -1.455
  -2.107
  -2.443
  -2.407
  -2.006
  -1.312
 -0.4488
  0.4352
   1.189
   1.687
   1.854
   1.675
   1.197
  0.5221
 -0.2129
 -0.8625
  -1.299
  -1.434
  -1.238
 -0.7434
-0.03944
  0.7438
   1.459
   1.969
   2.171
   2.017
   1.521
  0.7606
 -0.1401
  -1.031
  -1.762
  -2.212
   -2.31
  -2.046
  -1.475
 -0.7076
  0.1148
  0.8417
   1.343
   1.534
   1.387
  0.9406
  0.2895
  -0.433
   -1.08
  -1.518
  -1.653
  -1.447
 -0.9261
 -0.1753
  0.6763
   1.479
   2.089
   2.396
   2.341
   1.929
   1.224
  0.3442
 -0.5644
  -1.352
   -1.89
  -2.097
   -1.95
  -1.487
 -0.8032
-0.03227
  0.6795
   1.198
   1.426
   1.322
  0.9059
  0.2578
 -0.4977
  -1.214
  -1.748
  -1.988
  -1.876
  -1.416
 -0.6763
  0.2227
   1.129
   1.888
   2.367
   2.485
   2.222
   1.627
  0.8061
-0.09378
  -0.915
  -1.516
  -1.798
  -1.724
   -1.32
 -0.6773
 0.07117
  0.7738
   1.289
   1.512
   1.394
  0.9519
   0.264
 -0.5438
  -1.321
  -1.923
  -2.233
  -2.187
  -1.784
  -1.087
 -0.2117
   0.697
   1.487
    2.03
   2.239
   2.089
   1.617
  0.9184
  0.1241
 -0.6184
  -1.174
  -1.445
  -1.386
  -1.017
 -0.4133
  0.3029
  0.9879
   1.502
   1.737
   1.634
   1.197
  0.4924
 -0.3626
   -1.22
   -1.93
  -2.365
  -2.446
  -2.153
  -1.535
 -0.6964
  0.2199
   1.059
    1.68
   1.985
   1.933
   1.548
  0.9142
  0.1604
 -0.5653
  -1.122
  -1.403
  -1.355
 -0.9845
 -0.3628
  0.3924
   1.137
   1.727
   2.044
   2.018
   1.641
  0.9664
  0.1015
 -0.8114
   -1.62
  -2.191
  -2.428
  -2.297
  -1.824
  -1.096
 -0.2422
  0.5871
   1.248
   1.631
   1.675
   1.384
   0.825
  0.1128
 -0.6084
  -1.193
   -1.52
  -1.518
  -1.177
 -0.5509
  0.2499
    1.08
   1.786
   2.235
   2.336
   2.063
   1.455
   0.613
 -0.3207
  -1.188
  -1.842
  -2.178
  -2.146
  -1.767
   -1.12
 -0.3335
  0.4404
   1.057
   1.403
   1.417
   1.105
  0.5307
 -0.1892
 -0.9113
  -1.491
  -1.808
  -1.792
  -1.432
 -0.7799
 0.05699
  0.9378
   1.711
   2.245
   2.444
   2.276
   1.768
   1.008
  0.1258
 -0.7273
  -1.408
  -1.806
  -1.862
  -1.579
  -1.023
 -0.3072
   0.425
   1.029
   1.385
    1.42
   1.122
  0.5432
 -0.2114
      -1
  -1.673
  -2.098
  -2.186
  -1.908
    -1.3
  -0.459
  0.4775
   1.353
   2.021
   2.372
   2.354
   1.977
   1.316
   0.494
 -0.3402
  -1.039
  -1.482
  -1.599
  -1.381
 -0.8797
 -0.2018
  0.5158
   1.129
   1.512
   1.585
   1.321
  0.7608
-0.003003
 -0.8369
  -1.593
  -2.133
  -2.356
  -2.217
  -1.733
 -0.9797
-0.08343
  0.8059
    1.54
   1.998
   2.109
   1.865
   1.323
  0.5902
 -0.1891
 -0.8656
   -1.31
  -1.439
  -1.229
 -0.7226
-0.01896
  0.7426
    1.41
   1.847
   1.958
   1.708
   1.128
  0.3121
 -0.6028
  -1.459
  -2.108
  -2.438
  -2.393
  -1.984
  -1.286
  -0.424
  0.4495
   1.184
   1.655
   1.792
   1.582
   1.081
  0.3939
 -0.3396
 -0.9732
   -1.38
  -1.478
  -1.241
 -0.7067
 0.02975
  0.8357
   1.563
   2.074
    2.27
   2.104
   1.593
  0.8169
 -0.1002
  -1.007
  -1.755
  -2.221
  -2.334
  -2.082
   -1.52
 -0.7544
 0.07295
  0.8115
   1.329
   1.538
   1.406
  0.9685
  0.3173
 -0.4154
  -1.081
  -1.544
  -1.705
  -1.521
  -1.014
 -0.2666
  0.5931
   1.414
   2.049
   2.384
   2.357
   1.968
   1.283
   0.417
 -0.4823
  -1.264
  -1.801
   -2.01
  -1.868
  -1.415
 -0.7474
 0.002887
  0.6902
   1.183
   1.387
   1.265
  0.8379
  0.1886
 -0.5592
  -1.261
  -1.777
  -2.002
  -1.879
  -1.415
 -0.6797
  0.2073
   1.097
   1.839
   2.304
   2.415
   2.154
    1.57
  0.7693
 -0.1049
 -0.8968
  -1.468
  -1.722
  -1.624
  -1.202
 -0.5492
  0.2007
  0.8952
   1.392
   1.588
   1.435
  0.9531
  0.2248
 -0.6196
  -1.426
  -2.044
  -2.357
  -2.301
  -1.877
  -1.153
 -0.2468
  0.6891
     1.5
   2.054
   2.266
   2.111
   1.631
  0.9228
  0.1207
 -0.6261
  -1.182
   -1.45
  -1.386
   -1.01
 -0.4006
  0.3216
   1.013
   1.535
   1.779
   1.686
    1.26
  0.5638
 -0.2877
   -1.15
  -1.873
   -2.33
   -2.44
   -2.18
  -1.594
 -0.7817
  0.1183
  0.9527
   1.582
   1.904
   1.875
   1.514
  0.9029
  0.1659
 -0.5498
  -1.103
  -1.385
  -1.339
 -0.9724
 -0.3532
  0.4013
   1.146
   1.737
   2.055
   2.031
   1.655
  0.9839
  0.1253
 -0.7774
  -1.573
  -2.127
   -2.35
  -2.209
  -1.735
  -1.017
 -0.1863
  0.6087
   1.228
   1.566
   1.569
   1.247
   0.671
-0.04267
 -0.7499
  -1.307
  -1.599
  -1.558
  -1.179
 -0.5197
   0.307
   1.155
   1.871
   2.322
   2.419
   2.137
   1.518
  0.6613
 -0.2879
   -1.17
  -1.837
  -2.181
  -2.153
  -1.771
  -1.117
  -0.321
  0.4632
   1.087
   1.434
   1.443
   1.117
  0.5222
 -0.2217
 -0.9677
  -1.567
  -1.898
  -1.887
  -1.522
  -0.859
-0.005156
  0.8955
    1.69
   2.243
   2.461
   2.309
   1.816
   1.069
  0.1983
 -0.6474
  -1.326
  -1.729
  -1.796
  -1.532
 -0.9983
  -0.307
  0.4036
  0.9926
   1.343
   1.382
   1.098
  0.5382
 -0.1959
 -0.9679
  -1.632
  -2.057
  -2.157
  -1.899
  -1.317
 -0.5022
  0.4102
   1.267
   1.925
   2.274
   2.261
   1.896
   1.252
  0.4501
 -0.3605
  -1.033
  -1.448
  -1.535
  -1.289
 -0.7647
-0.07095
  0.6516
   1.257
    1.62
    1.66
   1.359
  0.7581
-0.04136
 -0.9016
  -1.671
  -2.212
  -2.425
  -2.268
  -1.763
 -0.9925
-0.08532
  0.8062
   1.534
   1.979
   2.075
   1.816
   1.263
  0.5259
 -0.2511
 -0.9185
  -1.349
   -1.46
  -1.229
 -0.7017
 0.02282
  0.8043
    1.49
   1.941
   2.063
   1.816
   1.232
  0.4029
 -0.5338
  -1.419
    -2.1
  -2.462
  -2.446
  -2.058
  -1.373
 -0.5135
  0.3664
   1.114
   1.602
   1.756
   1.563
   1.074
  0.3965
 -0.3309
 -0.9613
  -1.368
  -1.467
  -1.233
 -0.7055
 0.02281
  0.8193
   1.538
   2.043
   2.238
   2.078
   1.582
  0.8287
-0.06021
 -0.9377
  -1.659
  -2.108
  -2.215
  -1.971
   -1.43
  -0.696
 0.09374
  0.7939
   1.278
    1.46
   1.312
  0.8683
  0.2195
 -0.5044
  -1.158
  -1.606
  -1.752
  -1.554
  -1.033
 -0.2713
  0.6012
   1.433
   2.076
   2.415
   2.386
   1.992
   1.298
  0.4224
 -0.4835
  -1.266
  -1.795
  -1.988
  -1.824
  -1.346
 -0.6557
  0.1096
  0.7999
   1.281
    1.46
   1.301
  0.8314
  0.1387
 -0.6469
  -1.376
  -1.908
  -2.135
  -2.002
  -1.521
 -0.7633
  0.1484
   1.063
   1.827
   2.314
   2.444
     2.2
   1.631
  0.8405
-0.02832
 -0.8212
    -1.4
  -1.668
  -1.588
  -1.186
 -0.5502
  0.1874
  0.8765
   1.376
   1.581
   1.442
  0.9747
  0.2586
 -0.5787
  -1.385
   -2.01
  -2.337
  -2.299
  -1.895
   -1.19
 -0.3027
  0.6182
   1.418
   1.966
   2.177
   2.027
   1.558
  0.8673
 0.08884
 -0.6298
  -1.156
  -1.395
  -1.308
 -0.9173
 -0.3037
  0.4112
   1.086
   1.584
   1.803
   1.687
   1.245
  0.5423
 -0.3062
  -1.157
  -1.865
  -2.307
  -2.405
  -2.139
  -1.556
 -0.7533
  0.1305
  0.9447
   1.552
   1.853
   1.805
   1.429
  0.8064
 0.06247
 -0.6546
  -1.203
  -1.471
  -1.404
  -1.007
 -0.3508
  0.4444
   1.229
   1.854
   2.196
    2.18
   1.798
   1.105
  0.2148
 -0.7257
  -1.559
  -2.145
  -2.391
  -2.262
  -1.791
  -1.067
 -0.2274
   0.577
   1.203
   1.544
   1.547
   1.222
  0.6424
-0.07347
 -0.7808
  -1.337
  -1.626
  -1.583
  -1.203
 -0.5452
  0.2789
   1.125
   1.842
   2.299
    2.41
   2.148
   1.554
  0.7236
 -0.2019
  -1.067
  -1.727
  -2.076
  -2.064
  -1.707
  -1.083
 -0.3185
  0.4373
   1.039
   1.371
   1.374
   1.048
  0.4599
 -0.2737
  -1.007
  -1.593
  -1.911
  -1.888
  -1.516
 -0.8474
 0.006353
  0.9014
   1.685
   2.223
   2.424
   2.257
   1.754
   1.005
  0.1434
  -0.682
  -1.331
  -1.697
  -1.728
   -1.43
 -0.8733
 -0.1706
  0.5376
   1.111
   1.436
   1.443
   1.123
  0.5292
 -0.2352
  -1.032
  -1.715
  -2.153
  -2.259
  -2.002
  -1.415
   -0.59
  0.3388
   1.217
   1.898
   2.271
   2.279
   1.928
   1.291
   0.488
 -0.3306
  -1.015
  -1.442
  -1.539
  -1.294
 -0.7633
-0.05513
  0.6872
   1.314
   1.695
   1.747
   1.447
  0.8386
 0.02247
 -0.8605
  -1.655
  -2.221
  -2.456
  -2.316
  -1.825
  -1.065
 -0.1658
  0.7198
   1.444
   1.889
   1.991
   1.745
   1.212
  0.5013
 -0.2449
 -0.8814
  -1.285
  -1.379
  -1.142
 -0.6212
 0.08566
  0.8422
     1.5
   1.928
   2.033
    1.78
   1.202
   0.387
 -0.5285
   -1.39
   -2.05
  -2.397
  -2.373
  -1.987
   -1.31
 -0.4671
  0.3916
   1.114
   1.576
   1.704
   1.486
  0.9765
  0.2837
 -0.4509
  -1.079
  -1.472
  -1.548
  -1.283
 -0.7196
 0.04475
   0.873
   1.615
   2.133
    2.33
   2.162
   1.651
  0.8797
-0.02652
 -0.9175
  -1.647
  -2.098
  -2.203
  -1.955
  -1.409
 -0.6719
  0.1179
   0.815
   1.293
   1.467
   1.309
  0.8539
  0.1924
 -0.5459
  -1.215
   -1.68
  -1.841
  -1.654
  -1.138
 -0.3735
  0.5129
   1.369
   2.046
   2.423
   2.433
   2.073
   1.405
  0.5435
 -0.3607
  -1.153
  -1.701
  -1.917
  -1.777
  -1.322
 -0.6511
 0.09848
  0.7766
   1.248
    1.42
   1.255
  0.7828
 0.09105
 -0.6891
  -1.408
  -1.926
  -2.137
  -1.991
  -1.501
 -0.7428
  0.1599
   1.056
   1.797
   2.259
   2.368
   2.112
   1.543
  0.7679
-0.07307
 -0.8293
  -1.368
  -1.599
   -1.49
   -1.07
 -0.4307
  0.2988
  0.9703
   1.446
   1.626
   1.462
  0.9732
  0.2399
 -0.6104
  -1.425
  -2.056
  -2.385
  -2.346
  -1.938
  -1.226
 -0.3295
  0.6008
   1.409
    1.96
    2.17
   2.013
   1.532
  0.8265
  0.0337
 -0.6951
  -1.224
  -1.455
  -1.351
 -0.9339
 -0.2882
  0.4603
   1.166
   1.688
   1.922
   1.813
   1.366
  0.6504
 -0.2175
  -1.093
  -1.828
  -2.298
  -2.424
  -2.187
  -1.629
 -0.8476
 0.02135
  0.8292
    1.44
   1.754
   1.728
   1.379
  0.7854
 0.06826
 -0.6279
  -1.163
  -1.429
  -1.366
 -0.9799
 -0.3361
   0.448
   1.226
   1.849
   2.195
   2.188
   1.816
   1.135
  0.2548
 -0.6776
  -1.505
  -2.088
  -2.333
  -2.205
  -1.737
  -1.022
 -0.1963
   0.588
   1.189
     1.5
   1.473
   1.124
  0.5273
  -0.193
 -0.8909
  -1.424
  -1.681
  -1.601
  -1.185
 -0.4992
  0.3417
   1.191
   1.899
   2.338
   2.426
   2.143
   1.532
  0.6957
 -0.2268
   -1.08
  -1.723
  -2.052
  -2.021
  -1.648
  -1.013
 -0.2433
  0.5129
    1.11
   1.434
   1.423
    1.08
  0.4693
  -0.291
  -1.054
  -1.671
  -2.016
  -2.014
  -1.651
 -0.9816
 -0.1133
  0.8076
   1.625
     2.2
   2.438
   2.302
   1.822
   1.087
  0.2302
 -0.5979
