       0
 0.0001489
 0.0003109
 0.0004866
 0.0006768
 0.0008821
 0.001103
 0.001341
 0.001596
 0.00187
 0.002162
 0.002475
 0.002807
 0.003162
 0.003538
 0.003938
 0.004362
 0.004811
 0.005286
 0.005787
 0.006316
 0.006874
 0.007461
 0.008078
 0.008726
 0.009406
 0.01012
 0.01087
 0.01165
 0.01247
 0.01332
 0.01421
 0.01514
  0.0161
 0.01711
 0.01815
 0.01924
 0.02036
 0.02153
 0.02274
 0.02399
 0.02529
 0.02662
   0.028
 0.02942
 0.03089
  0.0324
 0.03395
 0.03554
 0.03718
 0.03886
 0.04058
 0.04234
 0.04414
 0.04597
 0.04785
 0.04976
 0.05171
 0.05369
  0.0557
 0.05774
 0.05981
 0.06191
 0.06403
 0.06617
 0.06834
 0.07051
  0.0727
  0.0749
 0.07711
 0.07931
 0.08152
 0.08372
 0.08592
 0.08809
 0.09025
 0.09239
  0.0945
 0.09658
 0.09862
  0.1006
  0.1026
  0.1044
  0.1063
   0.108
  0.1097
  0.1113
  0.1128
  0.1142
  0.1155
  0.1167
  0.1178
  0.1188
  0.1196
  0.1203
  0.1208
  0.1211
  0.1213
  0.1214
  0.1212
  0.1208
  0.1203
  0.1195
  0.1185
  0.1173
  0.1158
  0.1141
  0.1122
  0.1099
  0.1074
  0.1047
  0.1016
 0.09821
 0.09453
 0.09054
 0.08623
 0.08158
  0.0766
 0.07128
  0.0656
 0.05956
 0.05316
 0.04639
 0.03924
 0.03171
 0.02379
 0.01549
 0.006786
-0.002312
-0.01181
-0.02171
-0.03202
-0.04273
-0.05385
-0.06538
-0.07731
-0.08965
 -0.1024
 -0.1155
 -0.1291
  -0.143
 -0.1573
  -0.172
 -0.1871
 -0.2026
 -0.2184
 -0.2346
 -0.2511
  -0.268
 -0.2852
 -0.3027
 -0.3205
 -0.3385
 -0.3569
 -0.3755
 -0.3944
 -0.4135
 -0.4328
 -0.4523
  -0.472
 -0.4918
 -0.5118
 -0.5319
 -0.5521
 -0.5723
 -0.5926
 -0.6129
 -0.6333
 -0.6536
 -0.6738
  -0.694
 -0.7141
 -0.7341
 -0.7539
 -0.7735
 -0.7929
 -0.8121
  -0.831
 -0.8497
  -0.868
  -0.886
 -0.9036
 -0.9208
 -0.9375
 -0.9538
 -0.9696
 -0.9849
 -0.9997
  -1.014
  -1.027
   -1.04
  -1.053
  -1.064
  -1.075
  -1.085
  -1.095
  -1.103
  -1.111
  -1.118
  -1.124
   -1.13
  -1.134
  -1.138
   -1.14
  -1.142
  -1.143
  -1.142
  -1.141
  -1.139
  -1.136
  -1.131
  -1.126
   -1.12
  -1.113
  -1.104
  -1.095
  -1.084
  -1.073
  -1.061
  -1.047
  -1.033
  -1.017
      -1
 -0.9828
 -0.9642
 -0.9447
 -0.9242
 -0.9027
 -0.8803
  -0.857
 -0.8328
 -0.8077
 -0.7818
  -0.755
 -0.7275
 -0.6991
   -0.67
 -0.6402
 -0.6097
 -0.5785
 -0.5467
 -0.5143
 -0.4814
 -0.4479
 -0.4139
 -0.3795
 -0.3446
 -0.3094
 -0.2738
 -0.2379
 -0.2017
 -0.1654
 -0.1288
-0.09211
-0.05531
-0.01844
 0.01844
 0.05531
 0.09211
  0.1288
  0.1654
  0.2017
  0.2379
  0.2738
  0.3094
  0.3446
  0.3795
  0.4139
  0.4479
  0.4814
  0.5143
  0.5467
  0.5785
  0.6097
  0.6402
    0.67
  0.6991
  0.7275
   0.755
  0.7818
  0.8077
  0.8328
   0.857
  0.8803
  0.9027
  0.9242
  0.9447
  0.9642
  0.9828
       1
   1.017
   1.033
   1.047
   1.061
   1.073
   1.084
   1.095
   1.104
   1.113
    1.12
   1.126
   1.131
   1.136
   1.139
   1.141
   1.142
   1.143
   1.142
    1.14
   1.138
   1.134
    1.13
   1.124
   1.118
   1.111
   1.103
   1.095
   1.085
   1.075
   1.064
   1.053
    1.04
   1.027
   1.014
  0.9997
  0.9849
  0.9696
  0.9538
  0.9375
  0.9208
  0.9036
   0.886
   0.868
  0.8497
   0.831
  0.8121
  0.7929
  0.7735
  0.7539
  0.7341
  0.7141
   0.694
  0.6738
  0.6536
  0.6333
  0.6129
  0.5926
  0.5723
  0.5521
  0.5319
  0.5118
  0.4918
   0.472
  0.4523
  0.4328
  0.4135
  0.3944
  0.3755
  0.3569
  0.3385
  0.3205
  0.3027
  0.2852
   0.268
  0.2511
  0.2346
  0.2184
  0.2026
  0.1871
   0.172
  0.1573
   0.143
  0.1291
  0.1155
  0.1024
 0.08965
 0.07731
 0.06538
 0.05385
 0.04273
 0.03202
 0.02171
 0.01181
 0.002312
-0.006786
-0.01549
-0.02379
-0.03171
-0.03924
-0.04639
-0.05316
-0.05956
 -0.0656
-0.07128
 -0.0766
-0.08158
-0.08623
-0.09054
-0.09453
-0.09821
 -0.1016
 -0.1047
 -0.1074
 -0.1099
 -0.1122
 -0.1141
 -0.1158
 -0.1173
 -0.1185
 -0.1195
 -0.1203
 -0.1208
 -0.1212
 -0.1214
 -0.1213
 -0.1211
 -0.1208
 -0.1203
 -0.1196
 -0.1188
 -0.1178
 -0.1167
 -0.1155
 -0.1142
 -0.1128
 -0.1113
 -0.1097
  -0.108
 -0.1063
 -0.1044
 -0.1026
 -0.1006
-0.09862
-0.09658
 -0.0945
-0.09239
-0.09025
-0.08809
-0.08592
-0.08372
-0.08152
-0.07931
-0.07711
 -0.0749
 -0.0727
-0.07051
-0.06834
-0.06617
-0.06403
-0.06191
-0.05981
-0.05774
 -0.0557
-0.05369
-0.05171
-0.04976
-0.04785
-0.04597
-0.04414
-0.04234
-0.04058
-0.03886
-0.03718
-0.03554
-0.03395
 -0.0324
-0.03089
-0.02942
  -0.028
-0.02662
-0.02529
-0.02399
-0.02274
-0.02153
-0.02036
-0.01924
-0.01815
-0.01711
 -0.0161
-0.01514
-0.01421
-0.01332
-0.01247
-0.01165
-0.01087
-0.01012
-0.009406
-0.008726
-0.008078
-0.007461
-0.006874
-0.006316
-0.005787
-0.005286
-0.004811
-0.004362
-0.003938
-0.003538
-0.003162
-0.002807
-0.002475
-0.002162
-0.00187
-0.001596
-0.001341
-0.001103
-0.0008821
-0.0006768
-0.0004866
-0.0003109
-0.0001489
-2.841e-018
