       0
 0.003208
 0.008463
 0.01492
 0.02231
 0.03046
 0.03927
 0.04867
 0.05858
 0.06896
 0.07976
 0.09095
  0.1025
  0.1143
  0.1265
  0.1389
  0.1515
  0.1644
  0.1774
  0.1906
   0.204
  0.2175
  0.2311
  0.2447
  0.2585
  0.2723
  0.2861
  0.2999
  0.3137
  0.3275
  0.3413
   0.355
  0.3686
  0.3822
  0.3956
  0.4089
  0.4221
  0.4351
   0.448
  0.4606
  0.4731
  0.4854
  0.4974
  0.5092
  0.5208
  0.5321
  0.5431
  0.5538
  0.5643
  0.5744
  0.5842
  0.5936
  0.6027
  0.6115
  0.6199
  0.6279
  0.6355
  0.6427
  0.6496
   0.656
  0.6619
  0.6675
  0.6726
  0.6773
  0.6815
  0.6852
  0.6885
  0.6913
  0.6937
  0.6956
  0.6969
  0.6978
  0.6982
  0.6981
  0.6975
  0.6964
  0.6948
  0.6927
    0.69
  0.6869
  0.6833
  0.6791
  0.6744
  0.6693
  0.6636
  0.6574
  0.6507
  0.6435
  0.6358
  0.6276
   0.619
  0.6098
  0.6001
    0.59
  0.5794
  0.5683
  0.5568
  0.5448
  0.5323
  0.5194
  0.5061
  0.4923
  0.4781
  0.4635
  0.4485
  0.4331
  0.4173
  0.4012
  0.3846
  0.3677
  0.3505
  0.3329
  0.3151
  0.2968
  0.2783
  0.2595
  0.2405
  0.2211
  0.2015
  0.1817
  0.1616
  0.1414
  0.1209
  0.1002
 0.07941
 0.05842
 0.03729
 0.01603
-0.005355
-0.02684
-0.04841
-0.07005
-0.09175
 -0.1135
 -0.1353
  -0.157
 -0.1788
 -0.2006
 -0.2223
  -0.244
 -0.2656
 -0.2872
 -0.3086
   -0.33
 -0.3512
 -0.3723
 -0.3932
  -0.414
 -0.4346
 -0.4549
 -0.4751
 -0.4951
 -0.5148
 -0.5342
 -0.5534
 -0.5723
 -0.5909
 -0.6092
 -0.6272
 -0.6449
 -0.6622
 -0.6791
 -0.6957
 -0.7118
 -0.7276
  -0.743
 -0.7579
 -0.7725
 -0.7865
 -0.8002
 -0.8133
  -0.826
 -0.8382
 -0.8499
 -0.8611
 -0.8718
  -0.882
 -0.8917
 -0.9008
 -0.9094
 -0.9174
 -0.9249
 -0.9318
 -0.9382
  -0.944
 -0.9492
 -0.9538
 -0.9579
 -0.9613
 -0.9642
 -0.9664
 -0.9681
 -0.9692
 -0.9696
 -0.9695
 -0.9687
 -0.9674
 -0.9654
 -0.9628
 -0.9597
 -0.9559
 -0.9515
 -0.9465
  -0.941
 -0.9348
  -0.928
 -0.9207
 -0.9127
 -0.9042
 -0.8951
 -0.8855
 -0.8753
 -0.8645
 -0.8531
 -0.8413
 -0.8288
 -0.8159
 -0.8024
 -0.7884
 -0.7739
 -0.7589
 -0.7435
 -0.7275
 -0.7111
 -0.6942
 -0.6769
 -0.6591
 -0.6409
 -0.6223
 -0.6033
 -0.5839
 -0.5641
  -0.544
 -0.5235
 -0.5027
 -0.4815
   -0.46
 -0.4383
 -0.4162
 -0.3939
 -0.3713
 -0.3485
 -0.3255
 -0.3022
 -0.2788
 -0.2551
 -0.2313
 -0.2074
 -0.1833
 -0.1591
 -0.1348
 -0.1104
-0.08596
-0.06144
-0.03688
 -0.0123
  0.0123
 0.03688
 0.06144
 0.08596
  0.1104
  0.1348
  0.1591
  0.1833
  0.2074
  0.2313
  0.2551
  0.2788
  0.3022
  0.3255
  0.3485
  0.3713
  0.3939
  0.4162
  0.4383
    0.46
  0.4815
  0.5027
  0.5235
   0.544
  0.5641
  0.5839
  0.6033
  0.6223
  0.6409
  0.6591
  0.6769
  0.6942
  0.7111
  0.7275
  0.7435
  0.7589
  0.7739
  0.7884
  0.8024
  0.8159
  0.8288
  0.8413
  0.8531
  0.8645
  0.8753
  0.8855
  0.8951
  0.9042
  0.9127
  0.9207
   0.928
  0.9348
   0.941
  0.9465
  0.9515
  0.9559
  0.9597
  0.9628
  0.9654
  0.9674
  0.9687
  0.9695
  0.9696
  0.9692
  0.9681
  0.9664
  0.9642
  0.9613
  0.9579
  0.9538
  0.9492
   0.944
  0.9382
  0.9318
  0.9249
  0.9174
  0.9094
  0.9008
  0.8917
   0.882
  0.8718
  0.8611
  0.8499
  0.8382
   0.826
  0.8133
  0.8002
  0.7865
  0.7725
  0.7579
   0.743
  0.7276
  0.7118
  0.6957
  0.6791
  0.6622
  0.6449
  0.6272
  0.6092
  0.5909
  0.5723
  0.5534
  0.5342
  0.5148
  0.4951
  0.4751
  0.4549
  0.4346
   0.414
  0.3932
  0.3723
  0.3512
    0.33
  0.3086
  0.2872
  0.2656
   0.244
  0.2223
  0.2006
  0.1788
   0.157
  0.1353
  0.1135
 0.09175
 0.07005
 0.04841
 0.02684
 0.005355
-0.01603
-0.03729
-0.05842
-0.07941
 -0.1002
 -0.1209
 -0.1414
 -0.1616
 -0.1817
 -0.2015
 -0.2211
 -0.2405
 -0.2595
 -0.2783
 -0.2968
 -0.3151
 -0.3329
 -0.3505
 -0.3677
 -0.3846
 -0.4012
 -0.4173
 -0.4331
 -0.4485
 -0.4635
 -0.4781
 -0.4923
 -0.5061
 -0.5194
 -0.5323
 -0.5448
 -0.5568
 -0.5683
 -0.5794
   -0.59
 -0.6001
 -0.6098
  -0.619
 -0.6276
 -0.6358
 -0.6435
 -0.6507
 -0.6574
 -0.6636
 -0.6693
 -0.6744
 -0.6791
 -0.6833
 -0.6869
   -0.69
 -0.6927
 -0.6948
 -0.6964
 -0.6975
 -0.6981
 -0.6982
 -0.6978
 -0.6969
 -0.6956
 -0.6937
 -0.6913
 -0.6885
 -0.6852
 -0.6815
 -0.6773
 -0.6726
 -0.6675
 -0.6619
  -0.656
 -0.6496
 -0.6427
 -0.6355
 -0.6279
 -0.6199
 -0.6115
 -0.6027
 -0.5936
 -0.5842
 -0.5744
 -0.5643
 -0.5538
 -0.5431
 -0.5321
 -0.5208
 -0.5092
 -0.4974
 -0.4854
 -0.4731
 -0.4606
  -0.448
 -0.4351
 -0.4221
 -0.4089
 -0.3956
 -0.3822
 -0.3686
  -0.355
 -0.3413
 -0.3275
 -0.3137
 -0.2999
 -0.2861
 -0.2723
 -0.2585
 -0.2447
 -0.2311
 -0.2175
  -0.204
 -0.1906
 -0.1774
 -0.1644
 -0.1515
 -0.1389
 -0.1265
 -0.1143
 -0.1025
-0.09095
-0.07976
-0.06896
-0.05858
-0.04867
-0.03927
-0.03046
-0.02231
-0.01492
-0.008463
-0.003208
      -0
